1 29 -50.2027242567
29 1 -56.4969178854
1 59 -50.7974197379
59 1 -45.9948180926
1 97 -48.3327796367
97 1 -54.6404418989
2 6 -41.1532025627
6 2 -50.7437310113
2 11 -42.8393943995
11 2 -49.1333688104
2 42 -51.7304851706
42 2 -57.4785826812
2 131 -43.8910290188
131 2 -43.5305546098
2 139 -46.9412551034
139 2 -55.7499043938
2 147 -44.1288835843
147 2 -41.3419168306
2 160 -49.9012797491
160 2 -54.9493019495
2 191 -44.1198145947
191 2 -41.7726339151
2 195 -40.589682143
195 2 -46.67310941
2 199 -43.4113648354
199 2 -45.4704762474
3 46 -56.7488180635
46 3 -45.0638663401
3 182 -45.4302181735
182 3 -59.3132271342
4 51 -44.5754786579
51 4 -54.7119072304
4 117 -45.7641306539
117 4 -45.6020967139
4 118 -52.5908773339
118 4 -43.8796090363
4 137 -43.8124224005
137 4 -55.6954605216
4 162 -56.5568568077
162 4 -53.2989022008
4 181 -54.0324002345
181 4 -51.6026806213
5 81 -45.6602967016
81 5 -52.4366817967
5 83 -51.1286950049
83 5 -48.8137674969
5 145 -49.7809996966
145 5 -47.548923878
5 152 -57.8144253947
152 5 -44.3716001493
6 11 -49.440388701
11 6 -50.6496493827
6 139 -40.2544751954
139 6 -49.3376451875
6 160 -53.6359583089
160 6 -41.9944071814
6 191 -43.014610485
191 6 -45.1558277945
7 25 -55.9309411356
25 7 -43.6848433369
7 27 -41.0086125346
27 7 -42.2543093101
7 50 -54.494155678
50 7 -55.1708543098
7 57 -45.5430948034
57 7 -45.7943757665
7 67 -51.345139815
67 7 -50.6761314861
7 73 -49.3280955514
73 7 -54.8839781239
7 90 -42.9246851903
90 7 -50.6420424865
7 101 -49.1041504546
101 7 -47.3339202265
7 175 -51.5946491777
175 7 -53.5989409819
7 189 -48.1257182035
189 7 -48.3868353707
8 81 -57.8029037163
81 8 -55.1631152176
8 92 -43.889968054
92 8 -51.2559031223
8 134 -42.8509295791
134 8 -58.9943423916
8 149 -44.5979563289
149 8 -51.9398109968
8 152 -50.966201658
152 8 -58.7775251015
9 15 -55.1617980496
15 9 -59.3954685263
9 18 -49.1463498027
18 9 -47.8476483418
9 82 -40.3870141188
82 9 -53.8454677951
9 102 -49.1552787969
102 9 -59.4324043738
10 53 -53.6585796587
53 10 -40.2559003705
10 105 -54.8325359479
105 10 -45.0680534884
10 158 -41.5843119101
158 10 -46.9550444965
10 196 -50.5564938787
196 10 -59.3688175979
10 197 -50.5746534755
197 10 -47.4079032505
11 22 -50.7644852346
22 11 -48.7618459267
11 131 -47.4323354195
131 11 -40.7885203072
11 139 -50.2149655725
139 11 -53.687956399
11 147 -43.264446931
147 11 -59.9544247969
11 160 -51.0816112342
160 11 -43.6330958487
11 191 -51.1751483739
191 11 -58.6897524944
11 195 -52.5033997776
195 11 -57.6764606696
12 142 -40.9041899787
142 12 -52.4514111358
12 143 -41.0354852512
143 12 -40.3612484806
12 144 -48.3208319855
144 12 -58.1957306732
12 149 -49.4564152767
149 12 -54.8221591222
12 153 -55.5902429839
153 12 -47.5662609173
13 75 -47.3814034371
75 13 -59.6050193806
13 80 -52.5011654319
80 13 -47.2325487101
13 99 -45.2531872023
99 13 -42.9722030551
13 112 -57.1814666718
112 13 -46.8801735795
13 150 -49.9305256241
150 13 -44.1279094648
13 179 -57.2959477405
179 13 -46.1224243228
14 16 -51.3758938438
16 14 -51.2877792063
14 86 -49.0936245587
86 14 -56.2893641173
15 18 -58.5489764816
18 15 -53.8349919254
15 95 -53.8258012172
95 15 -58.3295405836
15 118 -57.8429670475
118 15 -59.9645206305
16 155 -41.2809363003
155 16 -52.9698319975
17 43 -53.4543521555
43 17 -59.6333328527
17 62 -42.0410472464
62 17 -54.5880275232
17 75 -56.4644028605
75 17 -44.7680318181
17 91 -44.2912376974
91 17 -41.8320060304
17 98 -48.7795701027
98 17 -56.4551457957
17 173 -51.9819187605
173 17 -58.6093553507
17 184 -49.0063953464
184 17 -58.4563437411
18 30 -58.1702773868
30 18 -41.1137063923
18 87 -44.5416091079
87 18 -43.9023723878
18 102 -40.2889285391
102 18 -51.8164023291
19 28 -49.7377527149
28 19 -56.112455632
19 31 -48.9489420569
31 19 -52.1409924698
19 40 -46.5453052353
40 19 -49.6873870044
19 51 -49.1879479732
51 19 -42.2759242758
19 89 -56.1026839773
89 19 -41.3126122021
19 96 -50.2159540938
96 19 -42.8113071711
19 111 -50.192056272
111 19 -59.177156005
19 117 -40.1827681557
117 19 -58.6864788853
19 135 -58.0088810845
135 19 -59.0934815153
19 137 -59.3378371954
137 19 -44.3913862172
19 140 -48.5791934174
140 19 -43.9644087346
19 168 -53.1020785989
168 19 -55.7932687744
19 190 -59.190418325
190 19 -41.5127468368
20 38 -52.9287800807
38 20 -57.1128849092
20 54 -58.7782478134
54 20 -59.8394672274
20 172 -41.3096086348
172 20 -40.5829015701
20 185 -48.9627065695
185 20 -49.012147338
21 47 -44.0870936642
47 21 -46.3289023263
21 55 -42.0071101217
55 21 -43.3505916667
21 79 -57.0351652292
79 21 -44.1139181034
21 84 -55.0910923715
84 21 -41.6066183923
21 106 -50.74731243
106 21 -50.1154440964
21 130 -59.0973075068
130 21 -59.1830234902
21 156 -58.2765477213
156 21 -50.5125481324
22 131 -41.6024148994
131 22 -52.5407668714
22 139 -42.3461743452
139 22 -40.6801509282
23 49 -58.8478163395
49 23 -54.3864048791
23 82 -43.1561750927
82 23 -47.7310987545
23 130 -46.6890947701
130 23 -59.1904029735
23 145 -47.558917193
145 23 -53.279159319
23 178 -51.6657681282
178 23 -56.159476039
24 36 -40.824568929
36 24 -42.9969085323
24 37 -45.0099178131
37 24 -56.6401295555
24 65 -54.8277115437
65 24 -44.2526693017
24 129 -50.5348729793
129 24 -58.8007992771
24 157 -40.1540503058
157 24 -48.7697259816
24 174 -48.1440126727
174 24 -48.5192126619
25 39 -55.2215686863
39 25 -44.9265246859
25 67 -58.7201333368
67 25 -46.3971296909
25 90 -50.3730488064
90 25 -52.7769424746
25 94 -42.102538448
94 25 -50.3594190822
25 136 -50.5732869806
136 25 -41.4103284086
25 148 -58.7396583576
148 25 -50.7351720242
25 161 -43.3454397648
161 25 -51.3306545957
25 175 -51.8696380817
175 25 -51.2884673269
25 187 -45.227028651
187 25 -47.0615634736
25 194 -54.5771308151
194 25 -42.4481380861
26 53 -54.2023377175
53 26 -59.945895938
26 71 -47.742668612
71 26 -46.8388261948
26 105 -41.7194481206
105 26 -54.1564325788
26 114 -56.8084210921
114 26 -42.9369479465
26 186 -45.2279860757
186 26 -42.2366906149
27 50 -58.032195581
50 27 -55.2433731494
27 57 -58.9346210442
57 27 -48.727730257
27 66 -56.5887512035
66 27 -58.3408503727
27 73 -57.2270818375
73 27 -59.6992137219
27 90 -54.8667199211
90 27 -45.4092445157
27 101 -55.6014560589
101 27 -48.2236353432
27 189 -54.6878481118
189 27 -44.4226221746
27 200 -50.501877699
200 27 -49.8352080727
28 31 -51.6202654831
31 28 -42.5835842076
28 40 -48.7363515455
40 28 -50.9589840761
28 51 -53.1604055732
51 28 -58.2632042684
28 135 -55.4645214001
135 28 -47.93488765
28 137 -56.9024144161
137 28 -52.5645566467
28 140 -49.7624850924
140 28 -59.3075083022
28 168 -51.4429832316
168 28 -42.2643620513
28 176 -55.355451414
176 28 -47.3566837584
29 59 -50.6859431326
59 29 -59.2398124323
29 97 -49.6802595109
97 29 -44.2251077435
30 87 -57.5914366232
87 30 -50.9696973526
30 102 -47.5365831832
102 30 -52.8003272551
30 111 -55.3991030677
111 30 -47.9733254299
31 40 -45.6635561471
40 31 -54.6295458287
31 96 -51.7159447621
96 31 -56.6095651069
31 135 -47.7279160254
135 31 -52.345282885
31 140 -50.667439985
140 31 -50.3537893308
31 168 -52.5786733302
168 31 -41.2359877206
31 176 -46.4400258286
176 31 -48.6642846839
32 38 -44.5627032316
38 32 -52.3568753708
32 54 -53.2873115756
54 32 -49.5118457878
32 123 -46.2897505999
123 32 -43.7767385356
32 172 -49.6483234029
172 32 -59.0549395138
33 126 -51.547271225
126 33 -40.5244586902
33 176 -48.6869883061
176 33 -57.0466753669
33 198 -54.8802045555
198 33 -56.1871992734
34 103 -44.2394206351
103 34 -58.3373452836
34 128 -50.9156237189
128 34 -58.2451471512
34 193 -43.8738665794
193 34 -51.1233470115
35 44 -41.2527250875
44 35 -57.0449267891
35 47 -44.481998022
47 35 -50.5843753601
35 49 -51.8145294507
49 35 -47.5498954097
35 76 -53.1751018577
76 35 -51.7768367771
35 119 -43.824536645
119 35 -50.3631085189
35 178 -40.6199249103
178 35 -53.4378596618
36 58 -50.9752535407
58 36 -56.9587474836
36 77 -45.5267457968
77 36 -48.1857246153
36 100 -58.5617746784
100 36 -55.4763412673
36 158 -58.3393412912
158 36 -46.8606292554
36 174 -58.821106908
174 36 -48.2040156369
37 52 -56.596093572
52 37 -43.9538272407
37 110 -47.3678426766
110 37 -56.4076969427
37 129 -47.0013873558
129 37 -46.419460148
37 157 -59.6511214699
157 37 -48.6152957598
37 177 -44.2904383208
177 37 -59.581740609
38 54 -50.1543524755
54 38 -42.7986092723
38 123 -56.8243901494
123 38 -47.9282386977
38 172 -43.4667677339
172 38 -55.5202485543
38 185 -49.6746469081
185 38 -40.9952198495
39 94 -44.1966090454
94 39 -43.2371662427
39 136 -59.6404081047
136 39 -55.9207006004
39 175 -50.9950483238
175 39 -49.303487683
39 187 -53.1754489083
187 39 -54.9028457276
39 194 -51.0456492567
194 39 -41.5159381126
40 135 -52.0106239937
135 40 -46.5056163639
40 140 -48.5646398438
140 40 -57.1747549776
40 168 -55.6722445034
168 40 -48.2606493196
40 176 -51.894001707
176 40 -49.4616400018
41 44 -41.4594724698
44 41 -57.475182962
41 76 -53.9080175561
76 41 -47.3807836793
41 78 -44.7879046496
78 41 -56.5028621557
41 151 -56.5103748325
151 41 -56.0341189099
42 69 -58.3816401649
69 42 -48.3223901
42 74 -46.8627076941
74 42 -59.1561359782
42 147 -50.3959396785
147 42 -43.9197448568
42 160 -52.4010063653
160 42 -43.3701270924
42 191 -47.5918604085
191 42 -56.5854182987
42 195 -53.0489972456
195 42 -46.7959052609
42 199 -43.4941047335
199 42 -42.0126459406
43 56 -56.4277798599
56 43 -50.5483002667
43 98 -47.8439257001
98 43 -40.7403518967
43 108 -56.9391623444
108 43 -48.163193207
43 163 -46.4148248326
163 43 -56.7445043978
43 164 -58.5525133199
164 43 -52.3870385119
43 183 -57.8115639899
183 43 -48.2308600706
43 184 -49.9605203293
184 43 -59.7222241858
44 76 -57.125971764
76 44 -43.1977628036
44 78 -55.8205766512
78 44 -40.434045951
44 107 -45.7290670488
107 44 -46.6171889912
44 151 -44.1448452435
151 44 -57.2241774137
44 178 -58.4986859679
178 44 -41.0954818703
45 53 -54.1765280822
53 45 -55.1554974169
45 58 -59.7129458748
58 45 -50.3805102416
45 93 -57.4602089194
93 45 -46.5378542835
45 105 -50.3732232202
105 45 -54.3280956747
45 114 -58.982930358
114 45 -41.6406093961
45 158 -45.2728625845
158 45 -42.728360006
45 174 -43.3503672765
174 45 -53.9060322413
45 197 -46.3647331197
197 45 -40.2469249889
46 60 -46.2371168595
60 46 -57.7204942505
46 182 -59.3665601879
182 46 -46.1214459016
47 55 -54.2534428416
55 47 -40.1023470561
47 76 -53.8341873359
76 47 -46.847727074
47 79 -40.9959009677
79 47 -51.4733836832
47 106 -55.0931329712
106 47 -54.3238930421
47 130 -50.2345428416
130 47 -58.5290502787
47 156 -54.23932857
156 47 -54.1747026799
48 171 -52.2976668283
171 48 -44.3832410052
49 82 -40.9883803788
82 49 -52.3719182412
49 145 -57.2836026267
145 49 -42.7892995232
49 156 -45.9822151608
156 49 -47.1565820104
49 178 -54.9068581376
178 49 -55.2970047391
50 57 -49.6341361586
57 50 -49.5777403449
50 66 -43.8413585552
66 50 -48.3274591616
50 73 -48.9557904894
73 50 -57.2150058749
50 101 -46.8996075368
101 50 -41.5723534019
50 189 -44.4376423981
189 50 -52.8193755057
50 200 -51.0797358915
200 50 -47.220960683
51 117 -47.3648593461
117 51 -49.8820832989
51 118 -56.6668806278
118 51 -44.8151733243
51 137 -59.9707230055
137 51 -50.7945408329
51 162 -54.3423341334
162 51 -45.8110227776
51 168 -50.3567018672
168 51 -40.1275510771
51 190 -58.1384517679
190 51 -59.9503807698
52 110 -42.4158350917
110 52 -41.1124132596
52 122 -59.9983204781
122 52 -46.3601558228
52 129 -50.1821604096
129 52 -52.6382656845
52 132 -52.8999658505
132 52 -48.6775988694
52 157 -52.1441841164
157 52 -47.2301162634
52 177 -51.8735440865
177 52 -53.8693783525
53 58 -53.8252580316
58 53 -43.5815905916
53 93 -46.8405424026
93 53 -57.813463804
53 105 -45.4215265523
105 53 -58.2691769533
53 114 -58.9782372134
114 53 -48.55571488
53 158 -42.9351156855
158 53 -40.3359699461
53 174 -57.6264777901
174 53 -48.9155642305
53 196 -42.6180982938
196 53 -46.5298713702
53 197 -59.5453036508
197 53 -43.0094424399
54 123 -58.8137505301
123 54 -58.7589706996
54 172 -58.3536504085
172 54 -43.8025909711
54 185 -52.7097331328
185 54 -45.8310621693
55 70 -51.1206283266
70 55 -53.607616612
55 79 -53.660050187
79 55 -52.9029192586
55 84 -40.3610535025
84 55 -57.7110843006
55 106 -54.667111016
106 55 -49.8075665301
55 156 -49.812944574
156 55 -56.9656542905
55 159 -57.3278068863
159 55 -57.2857856447
56 108 -42.3046680694
108 56 -56.6580791746
56 163 -43.1875287674
163 56 -47.9999282532
56 164 -42.2267631271
164 56 -56.0374441253
56 183 -48.7060739357
183 56 -58.7085314571
57 73 -53.8453158115
73 57 -43.4463621802
57 90 -48.6438600471
90 57 -48.637073872
57 101 -59.280881426
101 57 -50.9697856519
57 189 -55.5916533046
189 57 -52.4361432794
58 77 -40.9221781222
77 58 -52.862654073
58 93 -40.5779437141
93 58 -55.1391427619
58 100 -50.5186199148
100 58 -45.3695202173
58 158 -57.0714672042
158 58 -57.5485366637
58 174 -52.7791807416
174 58 -40.322378725
58 197 -59.2344950194
197 58 -46.6547875437
59 97 -54.8573827748
97 59 -52.8067077787
60 72 -53.498530873
72 60 -54.6291085768
60 88 -49.3983995544
88 60 -55.4580258042
60 120 -44.1529053555
120 60 -45.1325113835
60 154 -59.1556808643
154 60 -41.0165623667
61 80 -44.1624035061
80 61 -41.5903829258
61 116 -48.3165873962
116 61 -47.8596921972
61 146 -43.2531132839
146 61 -57.7825143957
62 91 -57.311090512
91 62 -43.119506845
62 98 -52.4177316773
98 62 -48.8970058089
62 142 -43.8257614526
142 62 -44.1724378168
63 125 -45.5844717226
125 63 -41.9229443049
63 170 -54.062402647
170 63 -53.8558315142
63 180 -51.3457252492
180 63 -46.5117912334
64 158 -56.8826863802
158 64 -42.460308862
64 174 -54.2801364306
174 64 -53.2932114636
64 192 -41.1992511177
192 64 -49.6042914909
64 197 -42.2185260668
197 64 -50.5942884099
65 113 -58.8583699668
113 65 -44.9152400921
65 127 -55.6557037954
127 65 -57.4776300443
65 157 -52.9727343831
157 65 -47.7111173152
66 73 -44.6273443378
73 66 -51.9518505369
66 133 -55.3702063152
133 66 -43.0925329258
67 90 -54.5748154555
90 67 -41.2130075496
67 94 -56.7472937545
94 67 -52.9803528166
67 101 -41.3285630028
101 67 -48.7749636068
67 161 -49.7646101721
161 67 -49.2797146938
67 175 -59.6395811941
175 67 -57.8515051926
67 188 -58.0368873306
188 67 -55.6428917902
67 189 -49.5181669768
189 67 -42.7727690361
68 110 -49.4190427651
110 68 -50.8972342562
68 122 -41.9265157641
122 68 -45.4531633495
68 166 -47.0440071835
166 68 -54.9027590568
69 74 -59.1817743968
74 69 -40.0225670097
69 96 -48.8737207364
96 69 -42.8847764203
69 160 -47.3114976316
160 69 -50.0545892125
69 195 -52.7634642595
195 69 -53.3009444424
69 199 -56.6534230346
199 69 -55.7674974315
70 79 -48.6672796953
79 70 -41.1970363695
70 84 -43.620362191
84 70 -44.8716412425
70 106 -57.7447386872
106 70 -48.5838184683
70 155 -53.2109531092
155 70 -48.7087163123
70 159 -48.6049125156
159 70 -44.1425614747
70 167 -42.5760019477
167 70 -53.2593624016
70 169 -56.3891679957
169 70 -57.7736678382
71 72 -54.1826679646
72 71 -52.8965964596
71 93 -58.7657853311
93 71 -41.4708968334
71 105 -47.5171309807
105 71 -46.4725708581
71 114 -56.0976637175
114 71 -58.6652297523
71 115 -42.7918580344
115 71 -48.7343140297
71 154 -59.0268849339
154 71 -44.1620203257
71 186 -41.181639681
186 71 -49.536878797
72 93 -48.3531790144
93 72 -49.919278795
72 114 -56.7443309645
114 72 -54.5946275912
72 154 -41.3528839776
154 72 -46.7471211565
73 90 -46.847514393
90 73 -52.1142981928
73 101 -56.3010545092
101 73 -52.9209418977
73 175 -43.4773303578
175 73 -49.3412985245
73 189 -51.7161076121
189 73 -44.4310128498
74 96 -55.7879092485
96 74 -53.6122269205
74 199 -46.001897351
199 74 -58.5882485663
75 98 -41.8919406162
98 75 -45.9268871127
75 170 -41.1513179381
170 75 -41.6912788025
75 173 -49.5924078969
173 75 -57.3109287884
75 179 -49.6826150289
179 75 -53.912084518
75 180 -52.8151369324
180 75 -55.938286889
75 184 -48.5842186269
184 75 -46.3068801993
76 151 -56.6837233091
151 76 -45.9187603017
76 178 -51.1750782474
178 76 -54.8199516913
77 100 -40.9027728108
100 77 -54.2511990846
78 88 -42.8673979498
88 78 -48.4552820187
78 120 -55.3539971099
120 78 -56.063553317
78 151 -58.3604897376
151 78 -52.0836570165
79 84 -59.563210881
84 79 -48.9691191424
79 106 -48.8714708823
106 79 -46.062660116
79 155 -56.5033318463
155 79 -48.4782314447
79 156 -54.3265187272
156 79 -57.1305990939
80 99 -41.5360456798
99 80 -43.3033608086
80 112 -47.1085734525
112 80 -58.7897044848
80 116 -45.9846448406
116 80 -44.2159772435
80 146 -43.0564118563
146 80 -44.3509394706
80 150 -45.8130007592
150 80 -58.4472160123
81 83 -48.0918498618
83 81 -48.2551090444
81 95 -56.236841119
95 81 -44.8467065211
81 134 -44.7297848172
134 81 -40.1649712211
81 145 -48.5177003457
145 81 -57.6768296692
81 152 -42.9788218817
152 81 -49.8281090077
82 130 -56.3719394449
130 82 -53.6248792392
82 145 -46.4143356599
145 82 -50.5870272288
83 95 -57.7803777788
95 83 -55.9952354925
83 145 -41.2631501235
145 83 -46.3163664307
83 152 -45.1419380033
152 83 -54.5305991805
84 106 -43.8689189101
106 84 -44.2547486444
84 155 -49.4839439957
155 84 -56.5246843654
84 167 -59.0260686798
167 84 -56.693274215
84 169 -54.1779017032
169 84 -42.627942695
85 153 -49.9422904365
153 85 -54.2985016891
87 89 -57.1699847572
89 87 -43.8523749878
87 111 -50.6718414975
111 87 -40.2723351196
87 190 -51.2862112373
190 87 -53.7112435082
88 120 -45.5221750074
120 88 -56.9562651691
88 188 -40.8622329764
188 88 -44.157472776
89 96 -42.0096616666
96 89 -58.2241001256
89 111 -56.5079680098
111 89 -48.9057205437
89 135 -50.242964326
135 89 -59.2804359328
89 140 -48.4234014661
140 89 -43.2748089538
89 190 -51.8024108253
190 89 -46.121665474
90 101 -52.8118229779
101 90 -41.9976390792
90 175 -59.0847880201
175 90 -54.233292957
90 189 -48.8611643876
189 90 -42.4390845474
91 98 -44.2060891093
98 91 -59.0680445014
92 121 -57.9838647869
121 92 -54.6309684757
92 149 -56.2036344685
149 92 -49.8188285769
92 152 -48.5367283904
152 92 -46.2013971188
93 105 -40.28877144
105 93 -52.7138139748
93 114 -52.435753648
114 93 -49.9575397014
93 158 -56.8073137719
158 93 -42.1970208865
93 197 -42.1029176514
197 93 -51.1370465368
94 136 -55.5768493535
136 94 -44.8938795509
94 148 -52.1303590873
148 94 -56.105800588
94 161 -59.1962258296
161 94 -46.6702777957
94 175 -59.104981977
175 94 -54.7993309254
94 187 -42.4532840544
187 94 -59.8497354433
94 188 -51.8582207017
188 94 -44.6685271532
94 194 -43.6461444037
194 94 -59.0574705875
95 118 -55.1599847372
118 95 -59.1700489776
95 134 -47.7938728654
134 95 -55.4563861612
96 111 -52.792064793
111 96 -45.6602954832
96 135 -47.7269050476
135 96 -53.7054338931
96 140 -46.2954337461
140 96 -59.1016225543
96 190 -42.5279971644
190 96 -58.8609015992
97 104 -55.8189085281
104 97 -47.28979574
97 109 -54.8743682264
109 97 -56.2471718044
97 124 -51.6171338913
124 97 -50.9934169657
98 173 -45.999812974
173 98 -42.6255665169
98 184 -52.7061193595
184 98 -46.0429036992
99 112 -48.0723675332
112 99 -52.4162950963
99 121 -57.2289669461
121 99 -45.9331103222
99 146 -54.6163762002
146 99 -56.3786146316
99 150 -47.7286406622
150 99 -42.9088910225
101 175 -46.808301746
175 101 -45.2768186026
101 189 -45.9051344746
189 101 -44.0062680753
103 128 -55.3698812318
128 103 -41.9710064093
103 138 -58.6609845766
138 103 -58.7904541179
103 193 -48.1007445208
193 103 -43.9863301523
104 109 -43.2249781282
109 104 -43.6692870813
104 124 -53.6034278239
124 104 -56.8499754069
104 200 -53.6825238334
200 104 -42.6058305285
105 114 -48.6102459493
114 105 -41.2383212443
105 186 -49.7556861888
186 105 -59.3501272425
105 197 -48.8564173059
197 105 -42.8966091918
106 156 -41.6027339294
156 106 -46.7469284213
106 159 -42.7928357109
159 106 -51.4498948236
107 116 -48.7655142699
116 107 -43.9845527045
107 119 -47.9020699301
119 107 -45.55301682
107 165 -58.6517715559
165 107 -40.4337356247
107 182 -59.1928425619
182 107 -47.2199768599
108 163 -58.3704311813
163 108 -55.6856599745
108 164 -51.1405810802
164 108 -54.9583978067
108 183 -50.6354282269
183 108 -49.5171668559
108 184 -57.6656468314
184 108 -47.3296468058
109 124 -42.5539748585
124 109 -59.1756974274
109 167 -42.4669501897
167 109 -51.059039761
109 169 -51.5500273423
169 109 -46.6873432799
110 129 -49.9482405378
129 110 -44.9253480168
110 157 -56.5138429828
157 110 -44.9451440215
110 177 -47.8050064441
177 110 -57.5398859415
111 140 -52.8835974529
140 111 -44.560374134
111 190 -51.39042882
190 111 -47.0512266024
112 121 -57.724641637
121 112 -55.8740850887
112 146 -49.4237998356
146 112 -45.5077570045
112 150 -49.5096720981
150 112 -43.1015575838
113 129 -57.9031516466
129 113 -58.7040728767
113 157 -43.2893030485
157 113 -59.2067952645
114 154 -47.6066316828
154 114 -52.1427678274
114 186 -55.2144614951
186 114 -49.8686682452
115 136 -56.9540092339
136 115 -45.6690362345
115 148 -43.184279547
148 115 -43.6177759322
115 154 -49.9599772711
154 115 -45.0858628167
115 186 -54.1970489353
186 115 -57.0648265369
115 187 -47.8322914912
187 115 -44.4907533934
116 146 -54.1587169971
146 116 -41.6744069995
116 165 -47.7952546026
165 116 -40.6882170818
117 118 -49.0046171324
118 117 -56.2741794665
117 137 -42.9296254006
137 117 -54.4401300195
117 162 -56.7359182934
162 117 -50.5055253502
117 168 -53.6797395152
168 117 -40.0944023835
117 181 -48.1706526765
181 117 -50.8118607202
118 162 -51.3902064838
162 118 -49.6786997302
119 165 -49.7803363322
165 119 -54.1681664355
119 178 -43.5902057552
178 119 -53.4739681375
120 154 -52.3705419408
154 120 -49.7894602055
121 150 -47.2438375702
150 121 -52.7862365231
121 152 -56.9509647787
152 121 -51.9079724779
121 165 -59.1446215431
165 121 -56.407331973
122 132 -52.1146784474
132 122 -43.0301674933
122 166 -41.8365108465
166 122 -52.1328248632
122 177 -48.5655086118
177 122 -42.4822618361
123 172 -53.9456072239
172 123 -58.7332283861
124 167 -52.8023232961
167 124 -52.8137419412
124 169 -53.193992397
169 124 -56.821716211
124 200 -49.1855307087
200 124 -48.6706323721
125 180 -49.485293107
180 125 -57.7558174713
126 176 -41.1047943918
176 126 -44.8131151146
126 198 -47.7337622235
198 126 -45.3577615336
128 193 -45.5964667905
193 128 -56.6070680286
129 157 -55.4095909185
157 129 -45.0699840437
129 177 -43.4724708153
177 129 -45.1496669826
130 156 -44.3529200306
156 130 -47.3285032904
131 139 -52.7328206861
139 131 -49.022937083
131 147 -56.4289198494
147 131 -42.623650878
131 160 -48.7758470075
160 131 -52.2668456541
131 195 -51.2974847823
195 131 -47.0241531347
132 177 -46.6113076728
177 132 -40.9788178036
134 152 -54.7936193345
152 134 -45.6614338401
135 140 -56.4598300888
140 135 -56.7105743423
135 168 -51.6704041868
168 135 -58.400588328
135 176 -42.1506967648
176 135 -51.1221596661
136 148 -50.4908466878
148 136 -43.0720282907
136 161 -41.176828133
161 136 -42.0648302911
136 187 -45.0671538166
187 136 -50.3120412231
136 194 -56.8762589912
194 136 -51.8422617573
137 162 -48.6179587831
162 137 -50.0597878223
137 168 -46.2068877797
168 137 -42.1950874368
137 190 -52.0240646487
190 137 -45.0033053631
138 153 -50.8832393495
153 138 -58.0284964285
139 160 -41.8645994183
160 139 -44.9910959054
139 191 -42.9796686943
191 139 -50.9394990727
140 168 -45.1954894493
168 140 -59.0485627652
140 190 -41.8521069588
190 140 -56.6888865462
141 171 -53.0810564714
171 141 -40.2031730314
142 143 -54.771520025
143 142 -43.3609532315
142 144 -41.0478948558
144 142 -50.120446167
142 153 -52.6787087333
153 142 -56.707685835
143 144 -46.1251471114
144 143 -40.9959718041
143 149 -41.6357610773
149 143 -49.3630023216
143 153 -43.9569804638
153 143 -57.3464046103
144 149 -49.9240813448
149 144 -57.1924616596
144 153 -42.3174400151
153 144 -43.4985802758
146 150 -50.6967188315
150 146 -54.5777194689
146 165 -56.4752210641
165 146 -40.6768049757
147 160 -42.9373666963
160 147 -49.0081854797
147 195 -59.3380554177
195 147 -53.0750147276
147 199 -44.1465034886
199 147 -53.1796618388
148 154 -48.3637781111
154 148 -57.7721142415
148 161 -46.0659110874
161 148 -59.6719833593
148 187 -43.1562286508
187 148 -43.2883761931
148 194 -44.9287077482
194 148 -47.4347299786
149 152 -50.7752618798
152 149 -53.1578464048
154 186 -40.7165122949
186 154 -52.9144898899
155 167 -55.6689162183
167 155 -41.2211453635
155 169 -57.1298668164
169 155 -57.5391246958
157 177 -44.8749924772
177 157 -59.4624411096
158 174 -57.5230274637
174 158 -47.7991808714
158 196 -51.8318770283
196 158 -43.2834752887
158 197 -43.997402399
197 158 -57.3619987904
160 191 -46.2381125047
191 160 -56.3876833485
160 195 -42.4372612373
195 160 -48.8229709625
160 199 -40.4327394617
199 160 -51.8591919673
161 175 -45.3984019437
175 161 -57.2085208017
161 188 -40.4615091743
188 161 -43.0481175173
161 194 -54.2430030465
194 161 -58.9654340884
163 164 -57.3340362784
164 163 -44.6185558319
163 183 -41.6550195306
183 163 -46.9850945131
164 183 -42.8496454072
183 164 -55.2636879811
167 169 -55.7379258072
169 167 -45.3248605976
168 176 -51.1434164222
176 168 -44.3621024836
170 179 -46.2634427356
179 170 -57.2789221932
170 180 -54.90931136
180 170 -47.5348333721
172 185 -59.3085136225
185 172 -59.7865132393
173 179 -55.2789155694
179 173 -54.6096334861
173 180 -58.4722436982
180 173 -45.7885163184
173 184 -49.7691556592
184 173 -52.4380415409
174 197 -46.2217874797
197 174 -41.7565949414
175 189 -57.5393699465
189 175 -45.5879141675
175 194 -47.4396358408
194 175 -53.0572472602
176 198 -55.061265466
198 176 -52.8943534058
179 180 -48.9805469807
180 179 -49.4302029008
179 184 -58.0564330586
184 179 -44.5117261362
180 184 -46.9789830304
184 180 -52.219966935
181 193 -58.8708093062
193 181 -53.0683852807
187 194 -43.4424176803
194 187 -54.1600238745
195 199 -52.7493731838
199 195 -40.1420707786
196 197 -59.9689843548
197 196 -47.940493726
