1 25 -50.0255100356
25 1 -54.8878380654
1 46 -45.8362521963
46 1 -52.4599590702
1 56 -56.5527533926
56 1 -53.6683486187
2 171 -49.2463016377
171 2 -47.8401326516
2 180 -57.1641212706
180 2 -48.5585639006
3 15 -55.0836218784
15 3 -45.0263397249
3 86 -53.6863071433
86 3 -54.5060171483
3 145 -55.163137987
145 3 -49.4179085038
3 169 -59.2069029929
169 3 -48.411720116
4 10 -46.4907789608
10 4 -46.3917971328
4 12 -42.2760511686
12 4 -50.7720576052
4 79 -40.2252703795
79 4 -51.9507863215
4 83 -44.9720552524
83 4 -46.8362258377
4 146 -46.5086412761
146 4 -42.2640017477
4 151 -56.1728803689
151 4 -42.5497015433
4 156 -44.8545468852
156 4 -46.9855601276
4 192 -46.7061249168
192 4 -43.2468001453
6 19 -53.4267900009
19 6 -43.0179161478
6 44 -41.3879649129
44 6 -40.7678419632
6 53 -59.9044203239
53 6 -46.5248016214
6 110 -57.9581496018
110 6 -49.9424047948
6 111 -59.1171506442
111 6 -58.0568474218
6 120 -42.5844598141
120 6 -59.7737850715
6 149 -56.0946331649
149 6 -52.2234904224
6 150 -42.983085166
150 6 -42.623195407
7 21 -49.1721921155
21 7 -51.1387600488
7 31 -53.8180658428
31 7 -59.8831667405
7 38 -51.6271626804
38 7 -51.2725791219
7 41 -41.591852083
41 7 -40.6378791186
7 58 -53.8907311814
58 7 -46.6856416798
7 61 -57.4758370461
61 7 -59.7572406505
7 98 -47.0732407684
98 7 -56.9278229796
7 117 -47.8023933034
117 7 -44.6690124349
7 119 -54.46151192
119 7 -47.6766610033
7 122 -40.0870473228
122 7 -42.8411284542
7 124 -40.998263226
124 7 -55.1943792231
7 128 -58.7353418971
128 7 -53.6862276696
7 135 -52.9353322294
135 7 -52.7858987876
7 140 -59.9226826734
140 7 -48.5349952197
7 178 -50.1357507091
178 7 -47.6031285002
7 184 -44.1191049713
184 7 -50.8034710558
7 198 -42.7769548067
198 7 -43.9508164721
8 42 -52.3825860382
42 8 -56.3410910695
8 82 -41.3858447113
82 8 -45.6783205312
8 129 -45.490710846
129 8 -41.9194113221
8 134 -48.6896813433
134 8 -56.4691873318
8 167 -45.5770229593
167 8 -46.119898485
8 199 -49.544290651
199 8 -47.6612475226
9 67 -58.372648275
67 9 -46.543966829
9 127 -55.5150298135
127 9 -56.2548231677
9 159 -45.2995595562
159 9 -56.4969219433
10 12 -42.4845415987
12 10 -48.9162005675
10 83 -53.8856725486
83 10 -52.908479189
10 151 -43.3845238646
151 10 -51.2369042101
10 156 -54.2016874053
156 10 -43.4639366436
11 23 -50.4412344363
23 11 -44.400334075
11 49 -51.0735648162
49 11 -45.369318361
11 77 -44.2896985682
77 11 -49.5190315336
11 99 -44.9905061373
99 11 -59.3983302992
11 125 -42.4134427026
125 11 -51.4129025797
11 174 -43.3400659692
174 11 -53.5189286728
11 183 -58.1466527602
183 11 -48.1805983463
12 79 -58.9877940408
79 12 -59.8334393154
12 83 -54.8642008571
83 12 -43.0227786102
12 151 -59.051934161
151 12 -53.9978797554
12 156 -52.7807034195
156 12 -53.5776232051
13 36 -40.7395602046
36 13 -59.0904407375
13 65 -41.0589612103
65 13 -42.1561585304
13 104 -47.8128357093
104 13 -41.0435253082
13 114 -49.8557811685
114 13 -40.8838747018
13 118 -41.0217437669
118 13 -53.4285609527
13 136 -43.5493895033
136 13 -54.2937008629
13 173 -57.5569416236
173 13 -49.8540415433
13 182 -47.3478242793
182 13 -59.1919395059
13 200 -54.244153121
200 13 -46.9283704017
14 28 -43.6900119958
28 14 -53.3020933651
14 137 -40.1621244421
137 14 -53.1139267037
14 158 -41.4145051938
158 14 -59.0780118748
14 170 -57.5045080693
170 14 -50.5855300282
15 19 -47.9644434829
19 15 -56.4284680663
15 145 -56.884178322
145 15 -42.4324901139
15 169 -59.104205438
169 15 -58.1098111753
16 48 -57.6806261123
48 16 -55.1971181475
16 109 -40.1280547668
109 16 -56.4415166652
16 132 -41.6885114205
132 16 -41.1593342919
16 144 -52.039093389
144 16 -40.212325154
16 181 -50.1082092925
181 16 -52.9037246727
16 193 -46.7411132258
193 16 -52.3121755324
17 46 -57.1705094541
46 17 -49.0135487626
17 56 -50.5365061738
56 17 -53.8244248778
17 72 -58.7181094799
72 17 -45.6989472976
17 184 -45.1324304886
184 17 -55.2268472263
18 47 -57.448569965
47 18 -44.8066359796
18 62 -40.4131274121
62 18 -43.3800596298
18 70 -47.7191540949
70 18 -59.0202660548
18 81 -49.2766810618
81 18 -58.9255049681
18 131 -45.3183718368
131 18 -45.8902719561
19 26 -43.4272468149
26 19 -41.702028762
19 40 -52.3725706628
40 19 -56.5923072148
19 53 -44.9508621998
53 19 -44.4513174477
19 111 -54.8909629719
111 19 -41.6191828822
19 120 -40.7519716389
120 19 -55.7571290444
19 150 -57.9279864723
150 19 -48.6605080403
19 169 -46.2137547326
169 19 -51.3071713184
20 77 -47.4190506011
77 20 -51.5472313405
20 105 -56.9515785488
105 20 -47.8389258672
20 107 -56.6741004964
107 20 -40.8021209199
20 125 -54.9962252315
125 20 -47.2444191518
20 174 -46.0849457049
174 20 -47.94630311
21 31 -40.0042625207
31 21 -58.7471842933
21 37 -52.2292699462
37 21 -42.1629366594
21 38 -43.4568868543
38 21 -42.541007447
21 41 -52.6848000208
41 21 -43.3662128284
21 58 -56.2189060045
58 21 -40.5501901658
21 61 -51.9651030195
61 21 -55.6219854892
21 115 -45.0599804499
115 21 -58.6438926472
21 117 -55.9947167109
117 21 -44.7718356825
21 119 -52.3368842237
119 21 -53.5386934277
21 122 -56.324644369
122 21 -55.4636863151
21 135 -58.7381542836
135 21 -55.6702869804
21 140 -42.8725727824
140 21 -45.9425760811
21 178 -57.8283773718
178 21 -59.2232943679
22 82 -43.4337463217
82 22 -52.5450607778
22 129 -44.8263480758
129 22 -51.6655311124
22 186 -55.2131711396
186 22 -54.9507826067
22 188 -45.3101647243
188 22 -59.9851569365
23 71 -58.0481981713
71 23 -53.363797755
23 77 -44.0629411529
77 23 -45.8564838277
23 85 -40.5526364195
85 23 -52.506566604
23 168 -41.3995203284
168 23 -47.826815157
23 174 -51.8932842453
174 23 -46.4145005514
24 51 -53.3473125046
51 24 -40.4413500559
24 97 -46.405148681
97 24 -44.1969304463
24 109 -59.1297040902
109 24 -55.7762435259
25 46 -52.8200419584
46 25 -54.4150146692
25 56 -41.2231078786
56 25 -54.2453376499
25 98 -56.2619646392
98 25 -57.3242959193
25 162 -56.1340335223
162 25 -46.2020083887
25 192 -41.1011993101
192 25 -40.1590792925
26 40 -50.2662062298
40 26 -55.4523243939
26 45 -58.8650136866
45 26 -44.7736140235
26 176 -50.9909090534
176 26 -56.2012965078
27 108 -58.0602225166
108 27 -48.2807715415
27 155 -47.820370621
155 27 -50.7310084803
28 91 -51.4263811569
91 28 -44.596291795
28 96 -52.0249374031
96 28 -55.5862295229
28 137 -55.6959126807
137 28 -52.1763617168
28 158 -42.2967675898
158 28 -43.0997215077
28 163 -50.4730435576
163 28 -49.415782769
28 170 -57.4824788514
170 28 -43.7272642967
30 71 -41.7504131652
71 30 -56.88437491
30 74 -40.1403886203
74 30 -44.0754513019
30 85 -54.2690091514
85 30 -50.7623359352
30 87 -54.3988214156
87 30 -49.3065512846
30 105 -41.3578787927
105 30 -47.8436367362
30 168 -51.7816817154
168 30 -58.0355011358
31 37 -47.8277262765
37 31 -47.5377521458
31 38 -48.7319124403
38 31 -45.8347342722
31 41 -56.9077762333
41 31 -51.0405082154
31 58 -55.8910945705
58 31 -42.2639619213
31 90 -53.118367196
90 31 -57.6520402509
31 115 -46.0936479426
115 31 -53.7760421643
31 117 -45.5376273442
117 31 -58.8042058321
31 135 -50.9994917722
135 31 -52.4821519845
31 140 -44.1661404101
140 31 -45.5857816894
31 178 -42.8559100028
178 31 -44.4104789434
32 75 -54.1647927065
75 32 -52.2881723741
32 76 -56.4668373927
76 32 -41.7755425104
32 103 -52.6709533958
103 32 -54.306910295
32 133 -52.6922599333
133 32 -45.3566835634
33 78 -49.0544132764
78 33 -46.0528802204
33 133 -50.249959608
133 33 -53.0639738881
34 43 -50.6749138434
43 34 -49.215984382
34 55 -55.2581603552
55 34 -54.1612211016
34 69 -57.28766156
69 34 -47.2733347017
34 78 -44.4367330747
78 34 -59.3365780214
34 102 -55.6325332777
102 34 -53.7452244723
34 139 -59.1194462293
139 34 -48.9365860574
34 160 -49.8442722123
160 34 -51.0241966037
35 132 -53.4937679885
132 35 -50.5705246164
35 143 -47.5296961541
143 35 -42.5300830099
35 193 -57.9779721036
193 35 -58.9524435995
35 195 -51.7740519227
195 35 -44.4680710003
36 114 -47.1807860139
114 36 -52.857667029
36 118 -48.8425754381
118 36 -47.8685308276
36 136 -50.9015825451
136 36 -57.1652489951
36 161 -47.706447723
161 36 -44.1030962647
36 173 -57.3336884637
173 36 -42.4619424057
36 182 -40.9061469923
182 36 -45.3051603631
36 200 -45.9081680883
200 36 -50.2136276064
37 38 -43.8834191623
38 37 -42.1913330004
37 41 -53.4503790485
41 37 -48.3840246515
37 58 -53.7393133839
58 37 -47.2535550067
37 115 -40.5275319657
115 37 -54.1298373456
37 135 -58.6623815951
135 37 -48.1159164923
38 41 -40.1584080983
41 38 -50.8207605161
38 58 -47.0756633079
58 38 -53.5412302147
38 61 -53.8953967529
61 38 -51.1317848794
38 90 -45.9099593148
90 38 -40.5158204647
38 115 -45.7149929059
115 38 -45.183719549
38 117 -46.010943966
117 38 -46.2128099156
38 119 -57.1932262042
119 38 -47.4607842376
38 135 -52.8735644506
135 38 -52.352604608
38 140 -54.222310132
140 38 -49.7086501595
38 178 -42.1798457119
178 38 -48.9905147836
39 179 -57.9227575375
179 39 -43.5642057546
40 45 -43.390721558
45 40 -44.7774603161
40 145 -43.6190212024
145 40 -53.9318354681
40 176 -44.5168212282
176 40 -46.8539541199
41 58 -40.3782037462
58 41 -54.3484104354
41 115 -44.7136127883
115 41 -59.0626048034
41 122 -48.471092629
122 41 -57.3042425577
41 135 -53.4174213143
135 41 -44.2806521015
41 140 -59.4208424774
140 41 -49.2235115152
41 164 -47.6538018614
164 41 -47.1970313166
41 178 -44.8993814886
178 41 -42.9203396139
42 134 -45.4218518869
134 42 -55.5509991356
42 167 -45.6944705624
167 42 -55.2734030536
42 194 -54.7601334272
194 42 -53.0466651774
42 199 -45.8499465279
199 42 -44.7930272333
43 55 -57.745874476
55 43 -46.0638440056
43 69 -50.1770494373
69 43 -45.4313416197
43 102 -40.2348955399
102 43 -52.7115496979
43 107 -41.7595088484
107 43 -46.8788476231
43 139 -52.9678030717
139 43 -45.6531264231
43 160 -45.4445202903
160 43 -51.1656804891
44 53 -55.1166656155
53 44 -49.7911866232
44 110 -43.5908814405
110 44 -49.325089309
44 111 -56.576892436
111 44 -54.3068093108
44 120 -54.1499889036
120 44 -46.7200005876
44 149 -57.123447164
149 44 -49.62446248
45 83 -58.6297126155
83 45 -55.637938701
45 130 -45.4378285157
130 45 -58.6164381302
45 176 -44.5229413924
176 45 -48.1970352803
46 56 -41.6349889526
56 46 -57.3491603471
46 98 -50.3843166268
98 46 -54.6986761881
46 124 -46.6750463152
124 46 -59.4741256363
46 184 -58.6028415959
184 46 -48.999093953
47 62 -49.3469638409
62 47 -47.6609280565
47 84 -58.4493151486
84 47 -41.4045884234
47 131 -49.5985432931
131 47 -58.7747313305
48 51 -53.3404307633
51 48 -45.1685680022
48 97 -48.6422297828
97 48 -54.8671167037
48 104 -50.5001675427
104 48 -40.2247588019
48 109 -44.4686095805
109 48 -46.7732972117
48 144 -54.1606485244
144 48 -45.4014457763
48 193 -41.0130843464
193 48 -51.515049253
49 99 -42.1024229018
99 49 -54.7457884503
49 148 -55.8274092388
148 49 -54.2564586079
49 183 -50.2394752775
183 49 -43.4897422739
50 80 -58.2959726066
80 50 -47.6321826445
50 123 -51.8183399408
123 50 -54.3062472755
51 97 -55.2588349693
97 51 -45.3487694615
52 73 -47.674603084
73 52 -57.3220060954
52 94 -59.240432706
94 52 -54.9866893348
52 141 -43.9365315406
141 52 -58.3351994714
52 146 -48.3572079203
146 52 -44.6666436926
52 162 -43.713065282
162 52 -51.6512961918
52 164 -55.9203628746
164 52 -44.1284502865
52 192 -43.7841440476
192 52 -43.7966437854
53 110 -56.5013596946
110 53 -48.325870023
53 111 -47.9080921431
111 53 -45.6111896565
53 120 -45.6721710709
120 53 -45.9417734383
53 149 -41.182969222
149 53 -52.3494287161
53 150 -40.5606130569
150 53 -44.1030309232
54 64 -48.9283462719
64 54 -49.2970527608
54 66 -41.3425593834
66 54 -43.981381158
54 89 -51.8678282233
89 54 -56.7737477111
54 95 -56.3372575209
95 54 -40.4928140261
54 100 -40.4509646421
100 54 -44.5478921376
54 116 -45.2627679447
116 54 -53.2906094257
54 126 -56.8027708571
126 54 -45.9666514079
54 152 -56.2677567075
152 54 -52.2368401901
54 187 -59.2210075593
187 54 -43.298340406
55 69 -55.4869311268
69 55 -43.6332082422
55 102 -44.7330549759
102 55 -52.4692609779
55 107 -52.7286516048
107 55 -40.0337387407
55 139 -55.9973742199
139 55 -48.313572674
55 160 -52.0867302049
160 55 -41.9828561691
56 98 -52.9322117979
98 56 -55.223912233
56 124 -41.3034873806
124 56 -55.2341520407
56 184 -44.5462732492
184 56 -48.1596292306
57 60 -47.0806928468
60 57 -43.1532275123
57 142 -44.9361860083
142 57 -52.7916534492
57 143 -59.8973349335
143 57 -45.2487519455
58 98 -53.1166143285
98 58 -47.7989501743
58 115 -40.4378546863
115 58 -57.2039694298
58 122 -52.0514337419
122 58 -52.1963038293
58 135 -53.1626350141
135 58 -55.7635890971
58 164 -40.6179550039
164 58 -50.3521426187
58 178 -45.6114173189
178 58 -44.1896453331
59 113 -51.3178630898
113 59 -40.1123593739
59 172 -44.6576250557
172 59 -58.4027469175
59 197 -55.8219337165
197 59 -40.6343616384
60 142 -52.9015501027
142 60 -50.5279946176
60 143 -54.922935944
143 60 -56.21824174
61 102 -45.392968855
102 61 -57.6623037755
61 117 -45.5496331715
117 61 -51.9193738755
61 119 -50.7968748564
119 61 -44.2049409979
61 128 -50.0999206358
128 61 -43.671492489
61 135 -43.0533051578
135 61 -52.2829373744
61 140 -53.1691320196
140 61 -48.4904572571
61 198 -59.620064739
198 61 -45.2723784291
62 81 -52.8506526838
81 62 -42.9104919228
62 84 -42.5876643405
84 62 -58.0229374375
62 121 -50.8127675956
121 62 -55.8342815708
62 131 -55.8942619361
131 62 -52.9983284132
63 70 -50.4465187025
70 63 -48.6929128974
63 127 -51.3935617592
127 63 -54.0440763734
63 147 -49.1377436132
147 63 -58.2344648657
63 185 -48.8788638703
185 63 -41.9613140076
64 66 -57.4339106751
66 64 -41.6622359423
64 89 -51.3824940678
89 64 -47.4382902537
64 95 -42.3108013134
95 64 -50.0168318571
64 100 -56.316504802
100 64 -47.5814399874
64 116 -54.6863634609
116 64 -41.6288211444
64 126 -59.4717443668
126 64 -45.0079176627
64 152 -52.7193516885
152 64 -56.3449678556
64 187 -49.2656675838
187 64 -47.6422853852
65 104 -47.274612093
104 65 -58.2565818233
65 136 -44.9536486568
136 65 -56.6268833944
65 173 -49.5167941838
173 65 -44.8646846006
65 176 -44.6345106791
176 65 -55.1211910674
65 190 -49.6232174974
190 65 -46.1703454809
66 89 -51.1767000475
89 66 -40.1760223922
66 95 -41.5697385471
95 66 -47.93889202
66 100 -46.9102858947
100 66 -43.6791847629
66 116 -59.1112126425
116 66 -53.6892857361
66 126 -58.1200032559
126 66 -42.6292753193
66 152 -53.5148760284
152 66 -59.7196293144
66 181 -45.5060080557
181 66 -41.386472577
66 187 -59.5896514051
187 66 -57.0217537433
67 127 -40.4267447787
127 67 -52.0433344406
67 159 -41.4362666879
159 67 -58.9785729042
67 172 -55.9333762148
172 67 -49.8739737058
68 92 -46.204422459
92 68 -50.5219306359
68 95 -40.0486073879
95 68 -58.0894794927
68 113 -41.4000566734
113 68 -52.3774097614
68 126 -49.9111404021
126 68 -52.7938508788
68 152 -46.2995297766
152 68 -41.4189274065
68 159 -54.2822527448
159 68 -43.6966671337
68 166 -41.7322267095
166 68 -59.943968619
68 175 -48.9089728947
175 68 -45.3643183609
68 187 -43.8432999931
187 68 -43.4889006937
68 196 -51.4501073528
196 68 -57.7832624093
69 78 -45.9420116757
78 69 -57.3989747649
69 102 -46.4929109097
102 69 -55.4610756447
69 139 -58.6420157675
139 69 -55.643207405
69 160 -52.08657021
160 69 -50.8457792382
70 81 -49.4285991156
81 70 -51.1853535853
70 147 -55.656107648
147 70 -42.5063216669
71 85 -52.6445770291
85 71 -58.8886898264
71 87 -54.9435373663
87 71 -56.6282464738
71 168 -47.7207879698
168 71 -40.3767814427
72 75 -59.77376281
75 72 -49.6729145883
72 198 -43.1669988916
198 72 -45.8628373161
73 79 -54.7828066606
79 73 -48.0804158515
73 83 -40.7843283309
83 73 -57.8782164057
73 94 -45.0819892972
94 73 -40.7511570904
73 141 -52.7548902703
141 73 -54.1805166584
73 146 -48.1746928329
146 73 -45.0807097009
73 151 -46.2015069846
151 73 -52.5950064929
73 162 -53.8087143635
162 73 -56.9803223468
73 192 -45.7624523278
192 73 -40.7881343343
74 85 -53.8940433648
85 74 -48.6519911499
74 87 -53.0488855269
87 74 -50.0273513048
74 88 -54.4534298164
88 74 -44.6966321384
74 138 -43.3069573543
138 74 -55.5819944958
75 76 -56.6769010042
76 75 -44.3084894137
75 103 -56.1913435032
103 75 -52.688393013
75 133 -55.7985347016
133 75 -50.5688880458
76 103 -53.9434596801
103 76 -51.403828588
76 133 -57.3950091075
133 76 -42.5206603514
77 105 -45.2406721364
105 77 -46.0774674142
77 125 -49.8425445718
125 77 -55.107415849
77 165 -51.0950315698
165 77 -42.8519387181
77 174 -41.3949557808
174 77 -46.871733516
77 183 -41.5824259357
183 77 -52.6056898756
78 139 -51.7204233005
139 78 -48.3615492088
79 94 -56.4410484361
94 79 -56.5745828019
79 146 -44.5679775911
146 79 -45.0624811766
79 151 -45.1189895235
151 79 -46.9421846361
79 156 -53.9768768282
156 79 -56.1097092598
79 162 -42.631550491
162 79 -46.045173097
79 192 -54.8330471614
192 79 -48.6692945722
80 194 -49.4192971097
194 80 -53.0070104407
81 84 -42.5223085584
84 81 -50.709387324
81 131 -45.2768695937
131 81 -54.9395450768
82 129 -56.6166628273
129 82 -56.1467108751
82 167 -46.36982818
167 82 -44.3836991614
82 188 -46.4698902484
188 82 -54.1886014672
82 199 -42.333046064
199 82 -51.3076702719
83 94 -41.1803174255
94 83 -48.4532557103
83 130 -40.5621866615
130 83 -46.0215999803
83 146 -47.3122884465
146 83 -48.8442742457
84 121 -55.6018222586
121 84 -48.0195834313
84 131 -40.6254531383
131 84 -49.1933303738
85 87 -48.2507705559
87 85 -55.3228994124
85 88 -51.0017306205
88 85 -58.3694206392
85 138 -43.4920579487
138 85 -55.2249937149
85 168 -45.9246854799
168 85 -48.9006467378
87 88 -40.8756721287
88 87 -54.4486434943
87 138 -52.1162480091
138 87 -49.2727418147
87 168 -59.88635895
168 87 -58.118960463
88 138 -52.7084120042
138 88 -55.6701181011
88 168 -56.0163333175
168 88 -45.0594714447
89 95 -44.2552152102
95 89 -47.0130762151
89 100 -48.8519381326
100 89 -48.8943753543
89 116 -42.88618126
116 89 -52.7705554499
89 126 -44.8178520533
126 89 -48.5102874177
89 152 -58.8520285272
152 89 -40.1023405313
89 187 -59.6668299273
187 89 -57.6289200742
90 107 -55.471383065
107 90 -45.4095927012
90 117 -49.2830491994
117 90 -57.1414239379
90 119 -56.4192888747
119 90 -50.7428652314
91 96 -54.4194233131
96 91 -50.5865033088
91 112 -41.209959444
112 91 -45.129130197
91 121 -49.8587872625
121 91 -45.2158407216
91 163 -51.7589350767
163 91 -40.775417047
92 113 -44.2123824126
113 92 -54.9514741488
92 126 -43.2596291413
126 92 -40.49983783
92 159 -46.7922831005
159 92 -40.5997547865
92 166 -50.4380792405
166 92 -40.1126895759
92 172 -57.7242605296
172 92 -43.3388677247
92 175 -46.6158060403
175 92 -49.006339715
92 196 -45.1352738166
196 92 -47.940964801
92 197 -56.7365603834
197 92 -40.3578484835
93 118 -54.0774771303
118 93 -45.2272776223
93 130 -45.8774560234
130 93 -44.7595648078
93 136 -53.21333432
136 93 -44.2272698792
93 141 -50.640226159
141 93 -42.6293561767
93 173 -43.6479169391
173 93 -47.0623540869
93 176 -52.8534821865
176 93 -49.0929605448
94 130 -44.3722040611
130 94 -43.5354054844
94 141 -48.924103735
141 94 -57.9612055768
94 146 -58.5121658326
146 94 -45.5245331667
94 151 -55.7473873266
151 94 -48.0868342458
94 162 -51.7484075785
162 94 -52.2693494255
94 192 -45.8197628937
192 94 -50.2298733828
95 100 -59.0450553107
100 95 -43.4613887459
95 126 -44.9484661947
126 95 -42.1444378402
95 152 -45.5593532511
152 95 -47.3565075385
95 166 -40.3207126943
166 95 -51.5849251318
95 187 -55.1600450103
187 95 -44.8291452899
96 154 -57.1434981927
154 96 -51.6724273416
96 163 -46.8396020802
163 96 -41.5024779778
96 170 -48.0535397857
170 96 -56.5415052484
96 177 -46.5044396936
177 96 -54.4461403381
97 109 -44.7141038509
109 97 -52.5807862146
98 122 -41.9356999505
122 98 -59.8799978497
98 124 -59.0794970226
124 98 -44.3983706204
98 164 -52.3194736447
164 98 -50.6896717125
98 178 -51.4170228191
178 98 -49.1862236937
98 184 -44.3421009342
184 98 -45.3384177582
99 123 -50.6311671719
123 99 -50.5572879028
99 148 -40.5959205408
148 99 -55.5563423004
99 183 -44.3808504649
183 99 -55.7084330573
100 116 -51.8915597904
116 100 -45.7915168588
100 126 -49.9637090979
126 100 -51.9236027336
100 152 -54.794848812
152 100 -52.6966800454
100 181 -49.9957863049
181 100 -57.6659088391
100 187 -47.1649836176
187 100 -59.5047881197
101 182 -42.5554711944
182 101 -52.329154014
101 189 -44.4054874263
189 101 -43.2639635728
101 193 -41.4088448864
193 101 -57.6234428278
101 195 -47.2224656438
195 101 -46.4945847499
102 117 -51.1351064085
117 102 -49.9470650362
102 119 -43.5384163322
119 102 -49.6157904321
102 128 -54.9773522636
128 102 -57.6917893745
103 133 -53.2388377991
133 103 -50.4546182112
105 107 -42.0120921825
107 105 -52.2459225805
105 174 -57.4001385085
174 105 -46.961294316
107 160 -41.0308079813
160 107 -44.9635624084
108 154 -44.9381644605
154 108 -45.8191795786
108 155 -50.0628247756
155 108 -51.3119085774
108 158 -54.5955134812
158 108 -59.6270374503
108 170 -54.942767229
170 108 -57.2951963976
108 177 -42.2042843905
177 108 -47.5853282985
108 191 -51.5977189967
191 108 -42.2704036589
109 144 -45.8884453425
144 109 -43.7652228331
109 181 -46.5369843972
181 109 -58.8318060657
109 193 -45.7108920502
193 109 -50.4784595177
110 111 -59.3152808674
111 110 -57.0534514095
110 120 -49.7220225606
120 110 -53.8856202884
110 149 -58.6601719082
149 110 -45.8977629346
111 120 -57.152770781
120 111 -45.5586147086
111 149 -57.5077805903
149 111 -54.1769086317
111 150 -54.424175468
150 111 -55.5818113174
112 121 -44.9537631395
121 112 -44.2636222439
112 163 -41.1865462
163 112 -49.0408023636
113 159 -45.7114855358
159 113 -52.2938741266
113 172 -46.8384886285
172 113 -45.1295465773
113 175 -42.8992702279
175 113 -59.5533480466
113 196 -54.549331616
196 113 -53.4688782343
113 197 -41.2706744949
197 113 -42.4039123013
114 118 -51.6036922929
118 114 -54.7714245687
114 136 -46.6539471952
136 114 -49.1555407407
114 161 -51.9586995704
161 114 -44.6373508196
114 173 -45.1119968694
173 114 -44.3314450373
114 182 -53.7646104742
182 114 -54.4176546319
114 200 -50.2145699236
200 114 -57.7884685841
115 135 -56.0294351519
135 115 -49.6507156713
115 178 -48.9465276381
178 115 -46.9328664495
116 181 -48.1182148079
181 116 -49.0872292463
117 119 -44.1445886064
119 117 -42.9179158345
117 128 -57.5085378498
128 117 -46.6704210068
117 135 -50.1305793239
135 117 -42.1865905265
117 140 -55.1123094707
140 117 -45.1617205953
118 136 -46.5722317276
136 118 -52.3375609981
118 161 -46.356584791
161 118 -56.4982011048
118 173 -44.2257983794
173 118 -41.9456036058
118 200 -40.7434098257
200 118 -49.6489208632
119 128 -43.4838838884
128 119 -50.5160304705
119 140 -59.4541763093
140 119 -48.2582785994
120 149 -49.8855770556
149 120 -52.8659180095
120 150 -41.3009020454
150 120 -44.6886919382
121 163 -51.1623233442
163 121 -52.0065754519
122 135 -45.0785715465
135 122 -49.4025498412
122 141 -56.820461843
141 122 -45.0764209645
122 164 -50.1973792264
164 122 -45.571668
122 178 -42.3292553389
178 122 -53.3625158858
124 184 -57.1527832404
184 124 -50.4848042996
124 198 -41.9380256009
198 124 -48.4712447671
125 165 -56.4279628846
165 125 -55.2876279219
125 174 -54.4306787491
174 125 -59.0043438722
126 152 -54.9609029136
152 126 -55.099230437
126 166 -50.4630919431
166 126 -48.4803297921
126 187 -45.0955422035
187 126 -59.8576585919
126 196 -47.2430650974
196 126 -55.6386170859
127 185 -57.87105494
185 127 -51.7918704284
128 140 -57.1942546939
140 128 -59.8841413206
128 198 -40.4140503847
198 128 -44.4709093912
129 167 -58.020519156
167 129 -52.6655996887
129 186 -47.2325568895
186 129 -53.2531760973
129 188 -51.8281856267
188 129 -58.7826090938
130 146 -55.9487899547
146 130 -59.9323678661
130 176 -55.9826926386
176 130 -44.450044436
132 144 -41.1624194199
144 132 -54.8660701531
132 181 -49.9674190551
181 132 -45.4857934675
132 193 -47.2248917831
193 132 -58.5414731068
132 195 -48.2730122947
195 132 -59.5804031955
134 167 -44.0686374147
167 134 -51.8317088335
134 194 -52.7206397284
194 134 -40.3123774068
134 199 -43.240291896
199 134 -40.7844856022
135 140 -54.570173282
140 135 -47.9926977002
135 178 -46.6456659921
178 135 -59.0209513977
136 161 -51.374169433
161 136 -58.7890973709
136 173 -50.5753024929
173 136 -43.8122838903
136 200 -57.8931466114
200 136 -49.6760703436
137 158 -49.1288723347
158 137 -55.8079440685
137 170 -57.6882782786
170 137 -41.777363031
138 168 -57.338906065
168 138 -55.4596945319
138 186 -45.3493215395
186 138 -46.4697025449
139 160 -40.8645252559
160 139 -48.4938452509
140 198 -41.5667384648
198 140 -52.4434868922
141 146 -43.6414770405
146 141 -45.1820881904
141 162 -53.253471498
162 141 -55.3655231162
141 164 -59.6984862015
164 141 -52.4272483207
141 192 -42.9073663973
192 141 -56.3165621567
143 186 -52.3191784748
186 143 -41.6896651502
144 193 -43.9443254533
193 144 -45.532602013
144 195 -55.1529465946
195 144 -46.9105899545
145 169 -41.0146714496
169 145 -40.6170982716
146 151 -49.2404633553
151 146 -52.059411922
146 162 -41.9905284233
162 146 -56.9887006221
146 192 -50.4480657778
192 146 -43.0402715311
147 185 -58.5578722069
185 147 -44.226930647
151 156 -59.8569787244
156 151 -44.6086903656
151 162 -51.0508198398
162 151 -53.9287870742
151 192 -50.8270459268
192 151 -52.9187990336
152 166 -58.6784368082
166 152 -42.2525547139
152 187 -46.442322629
187 152 -55.2195681477
153 158 -41.3967927653
158 153 -53.6998729308
154 177 -42.4164912643
177 154 -52.2304032796
154 191 -45.6094985607
191 154 -55.4769534191
154 194 -52.2319313753
194 154 -46.5348808763
155 170 -48.2473928117
170 155 -44.2343191136
155 177 -48.1237304374
177 155 -55.4750983689
155 191 -47.2096676871
191 155 -59.2161622818
157 165 -50.6255924426
165 157 -53.4257597287
158 170 -45.8332854105
170 158 -53.9470204755
159 172 -55.4020548668
172 159 -47.4744623992
159 196 -59.0484256631
196 159 -41.3760618485
161 173 -41.3033327171
173 161 -59.1134280548
161 200 -52.7107768235
200 161 -40.7374137171
162 192 -58.2099443135
192 162 -41.5033037408
164 178 -59.1780324442
178 164 -46.9508608364
165 174 -58.1369075993
174 165 -59.868431481
166 175 -50.2242622357
175 166 -41.3629405462
166 196 -57.353116643
196 166 -40.5416221408
166 197 -43.119098628
197 166 -52.7569345128
167 199 -49.3593838435
199 167 -43.6510455879
170 177 -55.3048429366
177 170 -42.1543719529
172 196 -59.9127732464
196 172 -58.607841432
173 190 -53.9096539863
190 173 -58.2410501526
174 183 -50.2014357022
183 174 -50.0564032889
175 196 -58.9471769456
196 175 -58.1816784849
175 197 -55.2127693137
197 175 -45.4744740358
176 190 -56.5331032219
190 176 -43.1060633934
177 191 -53.0029334891
191 177 -42.7885298099
182 189 -55.2482118529
189 182 -45.5877232275
182 200 -53.7162416967
200 182 -52.6673871759
184 198 -58.3498818365
198 184 -57.2174169994
189 200 -51.1011396972
200 189 -47.7089193796
191 194 -55.0983157169
194 191 -51.6856671122
193 195 -54.1685049823
195 193 -55.9130613772
196 197 -41.4497326211
197 196 -52.1279497271
